290 4 1
0.17734 -0.18529 0.43507 0 1
0.15224 -0.14304 0.33107 0 1
0.14717 -0.22523 0.51402 0 1
-0.060782 -0.066839 0.51441 0 1
-0.29119 -0.030337 0.56636 0 1
-0.029654 -0.18927 0.27722 0 1
0.11577 -0.098802 -0.15976 0 1
-0.1471 0.29704 -0.18024 0 1
-0.26923 0.46349 -0.17547 0 1
-0.30666 0.54557 0.075867 0 1
-0.24362 0.45175 0.24433 0 1
-0.043961 0.017227 0.522 0 1
0.36447 -0.86791 0.86108 0 1
0.58302 -0.81758 0.51223 0 1
0.42679 -0.21695 -0.2169 0 1
0.35627 -0.099417 -0.097617 0 1
0.065403 0.056793 0.12108 0 1
-0.12453 0.030599 0.2427 0 1
-0.22329 0.14481 0.16074 0 1
-0.10301 -0.0055955 0.32846 0 1
0.016151 -0.10663 0.42684 0 1
0.21747 -0.16172 0.49843 0 1
0.46911 -0.17576 0.46231 0 1
0.19387 -0.57283 0.21268 0 1
0.095905 -0.47435 0.25951 0 1
-0.48927 -0.075972 0.19635 0 1
-0.46234 0.067368 0.25146 0 1
-0.41564 0.068002 0.39124 0 1
-0.17582 0.0090811 0.32455 0 1
-0.11611 0.015315 0.19629 0 1
-0.26468 0.11284 -0.35802 0 1
-0.30627 0.13077 -0.4821 0 1
-0.19562 0.020201 -0.17344 0 1
-0.033916 -0.19413 -0.14804 0 1
-0.018832 -0.24278 0.11051 0 1
-0.31292 -0.021565 0.32294 0 1
-0.59003 0.2151 0.30565 0 1
-0.57277 0.27842 0.35369 0 1
-0.326 -0.024492 0.46156 0 1
0.053769 -0.39019 0.47227 0 1
0.17879 -0.35348 0.44416 0 1
0.25272 -0.25908 0.49914 0 1
0.066631 -0.055643 0.26983 0 1
-0.094344 0.077754 0.11333 0 1
-0.12096 0.15343 0.012451 0 1
-0.32043 0.0051887 -0.12095 0 1
-0.17214 -0.026547 0.015419 0 1
0.12291 -0.053582 0.13061 0 1
0.26378 -0.10954 0.25597 0 1
0.22192 -0.093323 0.112 0 1
0.14872 -0.49249 0.51051 0 1
0.095057 -0.50624 0.53096 0 1
-0.3585 0.26294 -0.35614 0 1
-0.41904 0.38026 -0.20203 0 1
0.4854 -0.56256 1.4514 0 1
0.74514 -0.8163 1.9423 0 1
0.76316 -0.91642 2.0044 0 1
0.16003 -0.54321 0.49983 0 1
-0.14149 -0.28596 0.55842 0 1
-0.55908 0.06611 0.82037 0 1
-0.8495 0.29012 1.1854 0 1
-0.83746 0.24134 1.2317 0 1
-0.96002 0.28546 2.0143 0 1
-0.78871 0.10004 2.9201 0 1
-0.63387 0.042133 3.0349 0 1
-0.69675 0.1452 2.6312 0 1
-0.40181 -0.090884 2.092 0 1
0.46071 -0.2611 -0.45584 2 10
0.28882 0.28957 -1.6549 0 1
-0.34867 0.35994 -0.45522 0 1
-0.22449 -0.2499 0.3084 0 1
-0.19036 -0.27117 0.34666 0 1
0.044525 -0.45816 0.80282 0 1
0.087268 -0.39514 0.52472 0 1
0.070686 -0.1936 0.20982 0 1
-0.061271 -0.09033 0.26453 0 1
-0.077446 -0.13235 0.30025 0 1
0.59016 -0.9032 1.1875 0 1
0.56979 -1.0376 1.2706 0 1
0.52224 -1.0123 1.1063 0 1
0.25698 -0.68978 0.83297 0 1
0.077094 -0.15656 0.24455 2 10
0.1278 -0.13624 0.18309 2 10
0.27974 -0.38039 0.61522 2 10
0.011016 -0.62885 1.0087 0 1
-0.23704 -0.41368 0.72601 0 1
-0.19195 -0.28573 0.22008 0 1
0.0036023 -0.17005 -0.23685 0 1
0.16884 -0.09695 -0.37267 0 1
0.31286 -0.17819 -0.10428 0 1
0.38275 -0.21547 -0.18995 0 1
0.31981 -0.24508 -0.044434 0 1
0.1508 -0.3361 0.17706 0 1
-0.00062047 -0.4645 0.4303 0 1
-0.21931 -0.27486 0.21879 0 1
-0.42335 0.025879 0.017419 0 1
-0.53049 0.51709 -0.32856 0 1
-0.32494 0.38264 -0.15093 0 1
-0.1336 0.22197 0.062104 0 1
0.15974 -0.073501 0.26156 0 1
0.48054 -0.48819 0.56362 0 1
0.44221 -0.65718 0.44141 0 1
0.26625 -0.48725 0.30097 0 1
0.064741 -0.26788 0.095004 0 1
-0.10309 -0.11396 -0.092496 0 1
-0.095069 -0.12816 -0.054242 0 1
0.10045 -0.19411 0.38593 0 1
-0.015061 0.063511 0.23362 0 1
-0.24203 0.40899 -0.092218 0 1
-0.39426 0.52393 -0.34959 0 1
-0.26958 0.29797 -0.59006 2 10
-0.12782 0.0021123 -0.44847 2 10
0.24306 -0.33239 -0.29176 0 1
-0.82287 0.73627 -1.6725 0 1
-0.8431 0.71678 -1.6191 0 1
-0.78426 0.68395 -1.6051 0 1
-0.57161 0.30817 -1.0247 0 1
0.11571 -0.60412 0.63841 0 1
0.64108 -1.2146 1.4264 0 1
0.68051 -1.236 1.3535 2 10
0.78632 -1.1948 1.3217 2 10
0.59686 -0.80072 0.79024 0 1
0.013969 -0.033545 -0.053017 0 1
-0.24747 0.13265 -0.37532 0 1
-0.34868 -0.027134 -0.12907 0 1
-0.2129 -0.11919 0.19608 0 1
-0.26172 -0.055232 0.14613 0 1
-0.23592 -0.042666 0.25981 0 1
0.081668 -0.094695 0.52178 0 1
0.18472 -0.25709 0.58543 0 1
0.071401 -0.23471 0.13054 0 1
-0.18212 -0.064834 -0.061522 0 1
-0.12272 -0.095067 0.165 0 1
0.011814 -0.28119 0.75108 0 1
0.39305 -0.81364 1.5069 0 1
0.51633 -0.84825 1.3227 0 1
0.47355 -0.64088 0.86233 2 10
0.26463 -0.22465 0.18264 2 10
-0.14052 0.4004 -0.72056 0 1
-0.39318 0.69712 -1.2218 0 1
-0.52978 0.81102 -1.4628 0 1
-0.55131 0.76316 -1.3817 0 1
0.030706 0.0061172 -0.3205 0 1
0.020803 -0.087827 0.089733 0 1
-0.025316 -0.3744 0.96151 0 1
-0.073703 -0.36414 1.0089 0 1
0.19005 -0.49965 0.91206 0 1
0.13538 -0.39192 0.61252 0 1
0.057472 -0.32004 0.48276 0 1
-0.24409 0.065178 -0.064212 0 1
-0.52203 0.36149 -0.31509 0 1
-0.598 0.41788 -0.43195 0 1
-0.55418 0.38437 -0.4583 0 1
-0.3975 0.24565 -0.24244 0 1
-0.13191 0.025156 0.37076 0 1
-0.065772 0.010188 0.42968 0 1
-0.11063 0.078172 0.3295 0 1
0.13956 -0.24213 0.58905 0 1
0.46067 -0.78844 0.87591 0 1
0.81302 -1.5332 1.4334 2 10
0.79685 -1.5257 1.4221 2 10
0.73107 -1.4712 1.4104 2 10
0.46074 -0.95994 1.0706 0 1
0.0091632 -0.17319 0.3612 0 1
-0.21963 0.15744 0.013052 0 1
-0.48302 0.38424 -0.84922 0 1
-0.42259 0.20747 -0.74693 0 1
-0.014029 -0.14822 -0.05142 0 1
-0.020567 -0.20762 0.085272 0 1
0.10187 -0.40043 0.33924 0 1
0.060581 -0.40161 0.25757 0 1
0.53379 -0.65838 0.2603 0 1
0.59879 -0.6993 0.40158 0 1
0.091758 -0.3388 0.51219 0 1
-0.42547 -0.068405 0.05218 0 1
-0.2356 -0.155 0.10733 0 1
-0.019336 -0.16863 0.22416 0 1
0.14131 -0.17814 0.27336 0 1
0.2849 -0.43378 1.2089 3 10
0.14246 -0.53421 1.368 0 1
-0.065951 -0.3815 1.0821 0 1
-0.22788 -0.15668 0.56534 0 1
-0.27124 -0.11697 0.12688 0 1
0.32677 -0.60886 0.11142 0 1
0.28302 -0.44067 0.053788 0 1
0.16269 -0.15083 0.25357 0 1
-0.12185 0.14882 0.18122 0 1
0.23107 -0.39505 0.42687 3 10
0.36669 -0.57148 0.64118 3 10
0.27541 -0.49582 0.55721 0 1
-0.11927 -0.065552 0.2685 0 1
-0.074687 -0.05383 0.23704 0 1
-0.0044575 -0.22007 0.32571 0 1
-0.065491 -0.19062 0.3695 0 1
-0.10278 -0.11389 0.4192 0 1
0.16114 -0.36327 0.49907 0 1
0.24645 -0.5445 0.46935 0 1
0.25317 -0.61504 0.38447 0 1
0.037653 -0.42853 0.2454 0 1
-0.13827 -0.2499 0.17048 0 1
-0.12596 -0.18613 0.27717 0 1
-0.076208 -0.17291 0.3424 0 1
-0.028086 -0.19103 0.33338 0 1
-0.0014886 -0.21124 0.30762 0 1
-0.084351 -0.22008 0.25976 3 10
-0.041567 -0.25106 0.3042 3 10
0.011808 -0.27658 0.33762 0 1
-0.086116 -0.18682 -0.13352 0 1
-0.25297 -0.033515 -0.86229 0 1
-0.47956 0.20134 -1.5214 0 1
-0.59281 0.31476 -1.6504 0 1
-0.63692 0.40515 -1.7157 0 1
-0.4355 0.10584 -0.38329 0 1
-0.054691 -0.35236 0.46363 0 1
0.0083003 -0.2897 0.22084 0 1
-0.081138 -0.14876 -0.033628 0 1
0.1943 -0.060403 -0.14237 0 1
0.04365 -0.03517 -0.08555 0 1
0.048472 -0.015646 0.12833 0 1
-0.099396 0.012344 0.31953 3 10
-0.14154 -0.0033576 0.28995 3 10
-0.25685 0.010978 0.20241 3 10
-0.30464 -0.0069506 0.097181 3 10
-0.074163 -0.3813 0.44817 3 10
-0.070208 -0.38267 0.47037 0 1
-0.066534 -0.37489 0.49048 0 1
-0.15801 0.0093514 0.059774 0 1
-0.1732 -0.060541 0.059742 0 1
-0.17465 -0.070219 0.075248 0 1
-0.15043 -0.07541 0.11839 0 1
-0.054534 -0.21946 0.29695 0 1
-0.19801 -0.23132 0.33411 0 1
-0.29749 -0.074935 0.23655 0 1
-0.66686 0.63342 -0.079426 0 1
-0.68518 0.76768 -0.13451 0 1
-0.604 0.63003 -0.13725 3 10
-0.43645 0.3661 -0.030314 3 10
-0.16329 -0.077917 0.19132 3 10
-0.061121 -0.30763 0.29804 0 1
0.050229 -0.54251 0.4488 0 1
0.14995 -0.52796 0.59542 0 1
0.22558 -0.59791 0.789 0 1
0.30808 -0.62976 0.87321 0 1
0.41891 -0.72423 0.84059 0 1
0.35309 -0.67135 0.70947 0 1
0.33179 -0.58732 0.7225 0 1
0.29036 -0.43994 0.7331 3 10
0.11036 -0.30318 0.8502 3 10
-0.028853 -0.27854 0.75063 3 10
-0.18352 -0.19657 0.60556 3 10
-0.29143 0.042481 0.09814 0 1
-0.034389 -0.074091 0.067042 0 1
0.022859 -0.019707 -0.21732 0 1
-0.045955 0.1656 -0.56102 0 1
0.20019 -0.052024 -0.13963 0 1
0.19863 -0.12966 0.26603 0 1
0.050747 -0.089772 0.32163 0 1
-0.29977 0.07023 0.092784 0 1
-0.5853 0.16625 -0.057396 0 1
-0.3761 -0.44022 0.079077 0 1
0.3362 -0.77518 0.59618 0 1
0.50265 -0.62391 0.78231 0 1
0.2404 -0.34525 0.68671 0 1
0.14394 -0.34264 0.81718 0 1
-0.050669 -0.30518 0.7149 0 1
-0.17284 -0.31698 0.57239 0 1
-0.22613 -0.2577 0.72734 0 1
-0.33519 -0.14165 0.69177 0 1
-0.36005 -0.014044 0.36884 0 1
-0.29466 -0.10594 0.41808 0 1
-0.23921 -0.17301 0.38246 3 10
0.031095 -0.31221 0.44691 3 10
0.26121 -0.4564 0.53681 0 1
0.24338 -0.55206 0.66056 0 1
0.1758 -0.76405 0.76315 0 1
0.20782 -0.53321 0.77018 0 1
0.3708 -0.44067 0.29042 0 1
0.32384 -0.61523 0.10618 0 1
0.11899 -0.51143 0.18803 0 1
-0.12339 -0.39423 0.18891 0 1
-0.12853 -0.17433 0.49492 0 1
-0.12357 -0.079848 0.46135 0 1
0.20494 -0.33923 0.37183 0 1
0.068642 -0.20097 0.27544 0 1
-0.16449 0.2197 0.075356 0 1
-0.22596 0.17328 -0.15777 0 1
-0.13 -0.2773 0.16576 0 1
-0.21841 -0.17745 0.27594 0 1
-0.27916 -0.073338 0.47249 0 1
-0.28037 0.025783 0.46563 0 1
