290 4 1
-0.57161 0.30817 -1.0247 0 1
0.11571 -0.60412 0.63841 0 1
0.64108 -1.2146 1.4264 0 1
0.68051 -1.236 1.3535 2 10
0.78632 -1.1948 1.3217 2 10
0.59686 -0.80072 0.79024 0 1
0.013969 -0.033545 -0.053017 0 1
-0.24747 0.13265 -0.37532 0 1
-0.34868 -0.027134 -0.12907 0 1
-0.2129 -0.11919 0.19608 0 1
-0.26172 -0.055232 0.14613 0 1
-0.23592 -0.042666 0.25981 0 1
0.081668 -0.094695 0.52178 0 1
0.18472 -0.25709 0.58543 0 1
0.071401 -0.23471 0.13054 0 1
-0.18212 -0.064834 -0.061522 0 1
-0.12272 -0.095067 0.165 0 1
0.011814 -0.28119 0.75108 0 1
0.39305 -0.81364 1.5069 0 1
0.51633 -0.84825 1.3227 0 1
0.47355 -0.64088 0.86233 2 10
0.26463 -0.22465 0.18264 2 10
-0.14052 0.4004 -0.72056 0 1
-0.39318 0.69712 -1.2218 0 1
-0.52978 0.81102 -1.4628 0 1
-0.55131 0.76316 -1.3817 0 1
0.030706 0.0061172 -0.3205 0 1
0.020803 -0.087827 0.089733 0 1
-0.025316 -0.3744 0.96151 0 1
-0.073703 -0.36414 1.0089 0 1
0.19005 -0.49965 0.91206 0 1
0.13538 -0.39192 0.61252 0 1
0.057472 -0.32004 0.48276 0 1
-0.24409 0.065178 -0.064212 0 1
-0.52203 0.36149 -0.31509 0 1
-0.598 0.41788 -0.43195 0 1
-0.55418 0.38437 -0.4583 0 1
-0.3975 0.24565 -0.24244 0 1
-0.13191 0.025156 0.37076 0 1
-0.065772 0.010188 0.42968 0 1
-0.11063 0.078172 0.3295 0 1
0.13956 -0.24213 0.58905 0 1
0.46067 -0.78844 0.87591 0 1
0.81302 -1.5332 1.4334 2 10
0.79685 -1.5257 1.4221 2 10
0.73107 -1.4712 1.4104 2 10
0.46074 -0.95994 1.0706 0 1
0.0091632 -0.17319 0.3612 0 1
-0.21963 0.15744 0.013052 0 1
-0.48302 0.38424 -0.84922 0 1
-0.42259 0.20747 -0.74693 0 1
-0.014029 -0.14822 -0.05142 0 1
-0.020567 -0.20762 0.085272 0 1
0.10187 -0.40043 0.33924 0 1
0.060581 -0.40161 0.25757 0 1
0.53379 -0.65838 0.2603 0 1
0.59879 -0.6993 0.40158 0 1
0.091758 -0.3388 0.51219 0 1
-0.42547 -0.068405 0.05218 0 1
-0.2356 -0.155 0.10733 0 1
-0.019336 -0.16863 0.22416 0 1
0.14131 -0.17814 0.27336 0 1
0.2849 -0.43378 1.2089 3 10
0.14246 -0.53421 1.368 0 1
-0.065951 -0.3815 1.0821 0 1
-0.22788 -0.15668 0.56534 0 1
-0.27124 -0.11697 0.12688 0 1
0.32677 -0.60886 0.11142 0 1
0.28302 -0.44067 0.053788 0 1
0.16269 -0.15083 0.25357 0 1
-0.12185 0.14882 0.18122 0 1
0.23107 -0.39505 0.42687 3 10
0.36669 -0.57148 0.64118 3 10
0.27541 -0.49582 0.55721 0 1
-0.11927 -0.065552 0.2685 0 1
-0.074687 -0.05383 0.23704 0 1
-0.0044575 -0.22007 0.32571 0 1
-0.065491 -0.19062 0.3695 0 1
-0.10278 -0.11389 0.4192 0 1
0.16114 -0.36327 0.49907 0 1
0.24645 -0.5445 0.46935 0 1
0.25317 -0.61504 0.38447 0 1
0.037653 -0.42853 0.2454 0 1
-0.13827 -0.2499 0.17048 0 1
-0.12596 -0.18613 0.27717 0 1
-0.076208 -0.17291 0.3424 0 1
-0.028086 -0.19103 0.33338 0 1
-0.0014886 -0.21124 0.30762 0 1
-0.084351 -0.22008 0.25976 3 10
-0.041567 -0.25106 0.3042 3 10
0.011808 -0.27658 0.33762 0 1
-0.086116 -0.18682 -0.13352 0 1
-0.25297 -0.033515 -0.86229 0 1
-0.47956 0.20134 -1.5214 0 1
-0.59281 0.31476 -1.6504 0 1
-0.63692 0.40515 -1.7157 0 1
-0.4355 0.10584 -0.38329 0 1
-0.054691 -0.35236 0.46363 0 1
0.0083003 -0.2897 0.22084 0 1
-0.081138 -0.14876 -0.033628 0 1
0.1943 -0.060403 -0.14237 0 1
0.04365 -0.03517 -0.08555 0 1
0.048472 -0.015646 0.12833 0 1
-0.099396 0.012344 0.31953 3 10
-0.14154 -0.0033576 0.28995 3 10
-0.25685 0.010978 0.20241 3 10
-0.30464 -0.0069506 0.097181 3 10
-0.074163 -0.3813 0.44817 3 10
-0.070208 -0.38267 0.47037 0 1
-0.066534 -0.37489 0.49048 0 1
-0.15801 0.0093514 0.059774 0 1
-0.1732 -0.060541 0.059742 0 1
-0.17465 -0.070219 0.075248 0 1
-0.15043 -0.07541 0.11839 0 1
-0.054534 -0.21946 0.29695 0 1
-0.19801 -0.23132 0.33411 0 1
-0.29749 -0.074935 0.23655 0 1
-0.66686 0.63342 -0.079426 0 1
-0.68518 0.76768 -0.13451 0 1
-0.604 0.63003 -0.13725 3 10
-0.43645 0.3661 -0.030314 3 10
-0.16329 -0.077917 0.19132 3 10
-0.061121 -0.30763 0.29804 0 1
0.050229 -0.54251 0.4488 0 1
0.14995 -0.52796 0.59542 0 1
0.22558 -0.59791 0.789 0 1
0.30808 -0.62976 0.87321 0 1
0.41891 -0.72423 0.84059 0 1
0.35309 -0.67135 0.70947 0 1
0.33179 -0.58732 0.7225 0 1
0.29036 -0.43994 0.7331 3 10
0.11036 -0.30318 0.8502 3 10
-0.028853 -0.27854 0.75063 3 10
-0.18352 -0.19657 0.60556 3 10
-0.29143 0.042481 0.09814 0 1
-0.034389 -0.074091 0.067042 0 1
0.022859 -0.019707 -0.21732 0 1
-0.045955 0.1656 -0.56102 0 1
0.20019 -0.052024 -0.13963 0 1
0.19863 -0.12966 0.26603 0 1
0.050747 -0.089772 0.32163 0 1
-0.29977 0.07023 0.092784 0 1
-0.5853 0.16625 -0.057396 0 1
-0.3761 -0.44022 0.079077 0 1
0.3362 -0.77518 0.59618 0 1
0.50265 -0.62391 0.78231 0 1
0.2404 -0.34525 0.68671 0 1
0.14394 -0.34264 0.81718 0 1
-0.050669 -0.30518 0.7149 0 1
-0.17284 -0.31698 0.57239 0 1
-0.22613 -0.2577 0.72734 0 1
-0.33519 -0.14165 0.69177 0 1
-0.36005 -0.014044 0.36884 0 1
-0.29466 -0.10594 0.41808 0 1
-0.23921 -0.17301 0.38246 3 10
0.031095 -0.31221 0.44691 3 10
0.26121 -0.4564 0.53681 0 1
0.24338 -0.55206 0.66056 0 1
0.1758 -0.76405 0.76315 0 1
0.20782 -0.53321 0.77018 0 1
0.3708 -0.44067 0.29042 0 1
0.32384 -0.61523 0.10618 0 1
0.11899 -0.51143 0.18803 0 1
-0.12339 -0.39423 0.18891 0 1
-0.12853 -0.17433 0.49492 0 1
-0.12357 -0.079848 0.46135 0 1
0.20494 -0.33923 0.37183 0 1
0.068642 -0.20097 0.27544 0 1
-0.16449 0.2197 0.075356 0 1
-0.22596 0.17328 -0.15777 0 1
-0.13 -0.2773 0.16576 0 1
-0.21841 -0.17745 0.27594 0 1
-0.27916 -0.073338 0.47249 0 1
-0.28037 0.025783 0.46563 0 1
-0.16794 -0.081052 0.626 0 1
-0.017841 -0.19585 0.81623 0 1
0.17926 -0.43947 0.8383 0 1
0.30292 -0.68259 0.80884 0 1
0.28527 -0.78603 0.71083 0 1
0.38873 0.52241 -0.60226 0 1
-0.64405 2.5466 -1.3918 0 1
-0.57907 2.4858 -1.4448 0 1
-0.54091 2.4781 -1.449 0 1
0.29953 0.044227 -0.23065 0 1
-0.90009 0.26606 -1.051 0 1
-1.2077 0.66096 -1.9295 0 1
-1.0631 0.71944 -1.9561 0 1
0.044981 0.56564 -0.018929 0 1
0.073106 -0.10207 -0.035435 0 1
-0.91555 2.8988 -4.4415 0 1
-0.62112 2.8277 -4.85 0 1
-0.5956 2.777 -4.7976 0 1
0.13046 1.4013 -2.8772 0 1
0.87472 0.013916 -0.8346 0 1
0.99712 -0.21966 -0.17492 0 1
-0.41276 0.65409 -0.28086 0 1
-0.54025 0.77584 -0.37051 0 1
-0.54094 0.81797 -0.39356 0 1
-0.40129 1.0005 -2.3173 0 1
-0.40258 0.92059 -2.8838 0 1
-0.39897 0.89588 -2.8551 0 1
-0.84587 1.2328 -0.90446 0 1
-0.47639 0.81044 -0.67344 0 1
-0.14522 0.45026 -0.58549 0 1
0.042729 0.35296 -0.59039 0 1
0.019391 0.36769 -0.59178 0 1
0.14944 0.93307 -1.5002 0 1
0.098111 0.95326 -1.9707 0 1
0.10252 1.008 -2.0472 0 1
0.62019 -0.61647 -0.22946 0 1
0.59549 -0.6988 -0.18878 0 1
0.44735 -0.41184 -0.42733 0 1
0.4391 0.033564 -0.63872 0 1
0.48944 0.062132 -0.63622 0 1
0.57103 0.62915 -1.8214 0 1
-0.20589 2.0266 -4.3477 0 1
-0.20246 2.0098 -4.3576 0 1
-0.17588 2.0224 -4.4479 0 1
-0.26093 1.0787 -1.8094 0 1
-0.15612 0.52486 -0.48352 0 1
-0.19266 0.588 -0.55805 0 1
0.58388 0.61354 0.52698 0 1
1.3754 0.24417 0.55561 0 1
-4.1697 0.68559 0.96458 0 1
-9.1614 0.38134 2.8605 0 1
-11.422 -0.13032 4.0819 0 1
-10.004 0.12415 3.5482 0 1
-9.2979 0.49074 3.1683 1 10
9.1653 -3.4125 -0.41875 1 10
7.8926 -2.7612 -0.1409 1 10
7.2682 -2.7209 0.14421 1 10
7.4063 4.1684 5.2913 1 10
5.1151 9.7009 6.6068 0 1
2.9438 13.069 6.4693 0 1
2.3708 10.153 5.1422 0 1
1.4368 6.8654 3.2036 0 1
0.58875 3.2571 0.96652 0 1
-0.13504 0.47623 -0.77534 0 1
-0.42323 -0.66674 -1.1254 0 1
-0.45863 -0.49954 -1.0634 0 1
-0.46767 -0.42904 -1.0622 0 1
0.29272 0.71986 -0.68609 0 1
0.54022 1.049 -0.86107 0 1
0.077331 0.88884 -1.1261 0 1
-0.17481 -0.10685 -1.2991 0 1
-0.35555 -0.55563 -1.2983 0 1
-0.64969 -0.085146 -1.3626 1 10
0.010823 0.6694 -1.2164 0 1
0.12103 0.59279 -1.3825 0 1
0.61671 0.11155 -1.3043 0 1
0.27982 0.39838 -1.4307 0 1
0.1394 0.12486 -0.77191 0 1
0.20857 0.31484 -0.95074 0 1
0.59054 0.13084 -0.57907 0 1
0.94008 -0.08895 -0.29189 0 1
0.91145 -0.097292 -0.40922 0 1
0.77154 -0.33519 0.01333 0 1
0.55948 -0.28663 0.073374 0 1
0.38611 0.071016 0.0047773 0 1
0.15648 0.53815 -0.29179 0 1
-0.19676 1.6428 -1.8964 0 1
-0.69756 2.7402 -3.5949 0 1
-0.7427 3.0171 -4.2401 0 1
-0.82831 3.3092 -4.4635 0 1
-0.70359 3.0137 -4.3682 0 1
-0.23739 1.3758 -2.8546 1 10
0.31526 -0.61146 -0.98554 1 10
0.25154 -0.56735 -0.66253 1 10
-0.01267 -0.9852 1.0832 1 10
-0.084125 -0.76806 0.017357 1 10
0.039555 -0.3831 -0.37435 1 10
0.61522 -0.59492 -0.99272 0 1
0.8577 -0.20306 -1.8702 0 1
0.58432 -0.024465 -0.85709 0 1
0.54771 -0.022947 -0.6154 0 1
0.54294 0.073118 -0.12962 0 1
0.80779 0.24469 0.29245 0 1
1.0997 0.26543 0.36777 0 1
0.94974 0.35476 -0.40699 0 1
-0.050613 -0.036503 -0.4135 0 1
-0.98143 -0.46749 -0.13572 0 1
-1.1706 -0.027779 -0.18528 1 10
-1.0611 0.23359 0.065805 1 10
-1.1987 -0.82143 0.28142 1 10
-1.308 -1.5099 -0.32693 1 10
0.058796 -0.50801 -1.1546 0 1
0.85725 -0.44509 -1.033 0 1
0.88877 -0.62597 -0.63604 0 1
0.93135 -0.72732 -0.30562 0 1
-0.8338 0.69708 -0.034776 0 1
