290 4 1
0.65427 -0.46782 -0.75431 0 1
0.81468 -0.31271 -0.86423 0 1
0.92116 -0.22315 -0.80636 0 1
0.95971 -0.69754 -0.45314 0 1
0.54274 -0.24568 -0.53677 0 1
0.01143 0.35854 -0.74239 0 1
-0.098144 0.74899 -1.1811 0 1
-0.11178 0.86678 -1.2382 0 1
-0.2063 0.85355 -0.90508 0 1
-0.12851 0.59313 -0.6342 0 1
0.28573 0.42579 -0.55407 1 10
-0.47251 -0.80733 1.4171 1 10
0.04267 -0.078819 -1.774 0 1
0.096191 -0.011443 -2.2713 0 1
0.21381 -0.44418 -1.706 0 1
-0.064156 -0.07146 -1.1474 0 1
-0.28855 0.11142 -0.39897 0 1
-0.39474 0.23622 -0.018092 0 1
-0.061276 0.086033 0.72621 0 1
0.30079 -0.15789 1.0369 0 1
0.30272 -0.23642 0.81975 0 1
0.26415 -0.12321 0.59136 0 1
-0.60091 0.24325 -0.10466 0 1
-0.72061 0.18692 -0.1073 0 1
-0.87605 0.41169 -0.095091 1 10
-0.75035 0.80263 -0.48659 1 10
0.3475 -0.20466 -0.69247 1 10
0.3593 -1.0479 -0.010726 1 10
0.17367 -1.0004 0.54753 1 10
-0.029374 -0.99617 1.0757 1 10
-0.67105 -1.2386 1.2749 0 1
-0.74492 -0.20753 -0.91681 0 1
0.7119 -0.97749 -1.1928 0 1
1.6045 -1.8586 -1.5056 0 1
1.234 -1.8825 -1.0934 0 1
0.56071 -1.4575 -0.62325 0 1
0.34754 -0.30641 -1.0461 0 1
0.68264 0.50988 -1.4177 0 1
-1.0999 -2.5066 1.1694 0 1
-0.97588 -2.3829 0.9555 0 1
-1.0304 -2.1484 0.923 0 1
-0.45925 -2.2385 0.72317 0 1
-0.4585 -1.997 0.29875 0 1
-0.72523 -1.7664 -0.41092 0 1
-0.20126 -1.9104 -0.92316 0 1
-0.27289 -1.442 -0.7714 0 1
-0.36858 -0.49654 -0.17065 0 1
0.035703 0.062716 -0.58896 0 1
0.17934 0.0084651 -0.65223 0 1
0.14167 0.077993 -0.75252 0 1
-0.14191 0.4481 -1.0339 0 1
-0.43141 0.54888 -0.59258 0 1
-0.41072 0.56213 -0.47826 1 10
-0.15418 0.38331 -0.23211 1 10
0.43163 -0.65209 0.4307 1 10
1.1226 -1.7577 -0.36025 0 1
0.88619 -1.4152 -1.2196 0 1
-0.64226 -0.58468 -0.13399 0 1
0.83119 -0.22799 -0.5646 0 1
0.82108 -0.19815 -0.80202 0 1
0.6246 -0.17183 -0.61936 0 1
0.25303 -0.0055696 0.54337 0 1
0.12019 0.020054 0.38006 0 1
0.015042 0.10263 0.32424 0 1
-0.11549 0.053651 0.29613 0 1
-0.2446 -0.00039805 0.24436 0 1
-0.24486 0.082621 0.20712 0 1
-0.14684 0.024989 0.30149 0 1
-0.00080254 -0.1196 0.47027 0 1
0.0028302 -0.10868 0.49521 0 1
0.31474 0.050465 0.26634 0 1
0.35159 0.0049329 0.28393 0 1
0.33199 -0.22571 0.43588 0 1
0.14959 -0.57263 0.68499 0 1
-0.25621 -0.44436 0.69904 0 1
-0.020512 -0.12216 0.38283 0 1
0.14082 -0.02569 0.27564 0 1
0.24296 0.10303 0.13598 0 1
0.19708 0.81568 0.48732 0 1
0.085692 0.59156 0.53133 0 1
0.00065515 0.39699 0.64455 0 1
0.10318 0.21742 0.64824 0 1
0.29691 -0.14085 0.51681 0 1
0.37666 -0.43941 0.41495 0 1
0.27576 -0.43633 0.4568 0 1
0.16845 -0.35806 0.42175 0 1
-0.27237 -0.013762 0.52103 0 1
-0.51673 0.39113 -0.099069 0 1
-0.12949 0.46268 -0.56688 0 1
0.10445 0.49743 -0.77453 0 1
0.16031 0.25279 -0.39733 0 1
0.22658 -0.15624 0.25917 0 1
0.12949 -0.37854 0.46852 0 1
-0.34497 -0.051218 0.3764 0 1
-0.55221 0.16992 0.20714 0 1
-0.68096 0.37632 -0.22963 0 1
-0.58997 0.23982 -0.19536 0 1
-0.50568 0.15712 -0.11058 0 1
-0.2659 0.043865 -0.084719 0 1
0.49716 -0.35095 0.32787 0 1
0.45124 -0.23036 0.41007 0 1
0.31464 -0.11321 0.35868 0 1
0.12988 -0.1629 0.31241 0 1
0.027633 -0.31091 0.22827 0 1
-0.057809 -0.21005 -0.021481 0 1
-0.074412 -0.13911 -0.26026 0 1
-0.18054 0.26978 -0.20115 0 1
-0.20874 0.024178 0.078211 0 1
-0.20591 -0.45574 0.47229 0 1
-0.20726 -0.41673 0.35291 0 1
-0.33264 -0.20724 0.30653 0 1
-0.36509 0.018041 0.27162 0 1
0.011307 -0.030408 0.37283 0 1
0.5026 -0.1398 0.37255 0 1
0.60247 -0.16437 0.30822 0 1
0.29853 -0.24196 0.55509 0 1
0.17734 -0.18529 0.43507 0 1
0.15224 -0.14304 0.33107 0 1
0.14717 -0.22523 0.51402 0 1
-0.060782 -0.066839 0.51441 0 1
-0.29119 -0.030337 0.56636 0 1
-0.029654 -0.18927 0.27722 0 1
0.11577 -0.098802 -0.15976 0 1
-0.1471 0.29704 -0.18024 0 1
-0.26923 0.46349 -0.17547 0 1
-0.30666 0.54557 0.075867 0 1
-0.24362 0.45175 0.24433 0 1
-0.043961 0.017227 0.522 0 1
0.36447 -0.86791 0.86108 0 1
0.58302 -0.81758 0.51223 0 1
0.42679 -0.21695 -0.2169 0 1
0.35627 -0.099417 -0.097617 0 1
0.065403 0.056793 0.12108 0 1
-0.12453 0.030599 0.2427 0 1
-0.22329 0.14481 0.16074 0 1
-0.10301 -0.0055955 0.32846 0 1
0.016151 -0.10663 0.42684 0 1
0.21747 -0.16172 0.49843 0 1
0.46911 -0.17576 0.46231 0 1
0.19387 -0.57283 0.21268 0 1
0.095905 -0.47435 0.25951 0 1
-0.48927 -0.075972 0.19635 0 1
-0.46234 0.067368 0.25146 0 1
-0.41564 0.068002 0.39124 0 1
-0.17582 0.0090811 0.32455 0 1
-0.11611 0.015315 0.19629 0 1
-0.26468 0.11284 -0.35802 0 1
-0.30627 0.13077 -0.4821 0 1
-0.19562 0.020201 -0.17344 0 1
-0.033916 -0.19413 -0.14804 0 1
-0.018832 -0.24278 0.11051 0 1
-0.31292 -0.021565 0.32294 0 1
-0.59003 0.2151 0.30565 0 1
-0.57277 0.27842 0.35369 0 1
-0.326 -0.024492 0.46156 0 1
0.053769 -0.39019 0.47227 0 1
0.17879 -0.35348 0.44416 0 1
0.25272 -0.25908 0.49914 0 1
0.066631 -0.055643 0.26983 0 1
-0.094344 0.077754 0.11333 0 1
-0.12096 0.15343 0.012451 0 1
-0.32043 0.0051887 -0.12095 0 1
-0.17214 -0.026547 0.015419 0 1
0.12291 -0.053582 0.13061 0 1
0.26378 -0.10954 0.25597 0 1
0.22192 -0.093323 0.112 0 1
0.14872 -0.49249 0.51051 0 1
0.095057 -0.50624 0.53096 0 1
-0.3585 0.26294 -0.35614 0 1
-0.41904 0.38026 -0.20203 0 1
0.4854 -0.56256 1.4514 0 1
0.74514 -0.8163 1.9423 0 1
0.76316 -0.91642 2.0044 0 1
0.16003 -0.54321 0.49983 0 1
-0.14149 -0.28596 0.55842 0 1
-0.55908 0.06611 0.82037 0 1
-0.8495 0.29012 1.1854 0 1
-0.83746 0.24134 1.2317 0 1
-0.96002 0.28546 2.0143 0 1
-0.78871 0.10004 2.9201 0 1
-0.63387 0.042133 3.0349 0 1
-0.69675 0.1452 2.6312 0 1
-0.40181 -0.090884 2.092 0 1
0.46071 -0.2611 -0.45584 2 10
0.28882 0.28957 -1.6549 0 1
-0.34867 0.35994 -0.45522 0 1
-0.22449 -0.2499 0.3084 0 1
-0.19036 -0.27117 0.34666 0 1
0.044525 -0.45816 0.80282 0 1
0.087268 -0.39514 0.52472 0 1
0.070686 -0.1936 0.20982 0 1
-0.061271 -0.09033 0.26453 0 1
-0.077446 -0.13235 0.30025 0 1
0.59016 -0.9032 1.1875 0 1
0.56979 -1.0376 1.2706 0 1
0.52224 -1.0123 1.1063 0 1
0.25698 -0.68978 0.83297 0 1
0.077094 -0.15656 0.24455 2 10
0.1278 -0.13624 0.18309 2 10
0.27974 -0.38039 0.61522 2 10
0.011016 -0.62885 1.0087 0 1
-0.23704 -0.41368 0.72601 0 1
-0.19195 -0.28573 0.22008 0 1
0.0036023 -0.17005 -0.23685 0 1
0.16884 -0.09695 -0.37267 0 1
0.31286 -0.17819 -0.10428 0 1
0.38275 -0.21547 -0.18995 0 1
0.31981 -0.24508 -0.044434 0 1
0.1508 -0.3361 0.17706 0 1
-0.00062047 -0.4645 0.4303 0 1
-0.21931 -0.27486 0.21879 0 1
-0.42335 0.025879 0.017419 0 1
-0.53049 0.51709 -0.32856 0 1
-0.32494 0.38264 -0.15093 0 1
-0.1336 0.22197 0.062104 0 1
0.15974 -0.073501 0.26156 0 1
0.48054 -0.48819 0.56362 0 1
0.44221 -0.65718 0.44141 0 1
0.26625 -0.48725 0.30097 0 1
0.064741 -0.26788 0.095004 0 1
-0.10309 -0.11396 -0.092496 0 1
-0.095069 -0.12816 -0.054242 0 1
0.10045 -0.19411 0.38593 0 1
-0.015061 0.063511 0.23362 0 1
-0.24203 0.40899 -0.092218 0 1
-0.39426 0.52393 -0.34959 0 1
-0.26958 0.29797 -0.59006 2 10
-0.12782 0.0021123 -0.44847 2 10
0.24306 -0.33239 -0.29176 0 1
-0.82287 0.73627 -1.6725 0 1
-0.8431 0.71678 -1.6191 0 1
-0.78426 0.68395 -1.6051 0 1
-0.57161 0.30817 -1.0247 0 1
0.11571 -0.60412 0.63841 0 1
0.64108 -1.2146 1.4264 0 1
0.68051 -1.236 1.3535 2 10
0.78632 -1.1948 1.3217 2 10
0.59686 -0.80072 0.79024 0 1
0.013969 -0.033545 -0.053017 0 1
-0.24747 0.13265 -0.37532 0 1
-0.34868 -0.027134 -0.12907 0 1
-0.2129 -0.11919 0.19608 0 1
-0.26172 -0.055232 0.14613 0 1
-0.23592 -0.042666 0.25981 0 1
0.081668 -0.094695 0.52178 0 1
0.18472 -0.25709 0.58543 0 1
0.071401 -0.23471 0.13054 0 1
-0.18212 -0.064834 -0.061522 0 1
-0.12272 -0.095067 0.165 0 1
0.011814 -0.28119 0.75108 0 1
0.39305 -0.81364 1.5069 0 1
0.51633 -0.84825 1.3227 0 1
0.47355 -0.64088 0.86233 2 10
0.26463 -0.22465 0.18264 2 10
-0.14052 0.4004 -0.72056 0 1
-0.39318 0.69712 -1.2218 0 1
-0.52978 0.81102 -1.4628 0 1
-0.55131 0.76316 -1.3817 0 1
0.030706 0.0061172 -0.3205 0 1
0.020803 -0.087827 0.089733 0 1
-0.025316 -0.3744 0.96151 0 1
-0.073703 -0.36414 1.0089 0 1
0.19005 -0.49965 0.91206 0 1
0.13538 -0.39192 0.61252 0 1
0.057472 -0.32004 0.48276 0 1
-0.24409 0.065178 -0.064212 0 1
-0.52203 0.36149 -0.31509 0 1
-0.598 0.41788 -0.43195 0 1
-0.55418 0.38437 -0.4583 0 1
-0.3975 0.24565 -0.24244 0 1
-0.13191 0.025156 0.37076 0 1
-0.065772 0.010188 0.42968 0 1
-0.11063 0.078172 0.3295 0 1
0.13956 -0.24213 0.58905 0 1
0.46067 -0.78844 0.87591 0 1
0.81302 -1.5332 1.4334 2 10
0.79685 -1.5257 1.4221 2 10
0.73107 -1.4712 1.4104 2 10
0.46074 -0.95994 1.0706 0 1
0.0091632 -0.17319 0.3612 0 1
-0.21963 0.15744 0.013052 0 1
-0.48302 0.38424 -0.84922 0 1
-0.42259 0.20747 -0.74693 0 1
-0.014029 -0.14822 -0.05142 0 1
-0.020567 -0.20762 0.085272 0 1
0.10187 -0.40043 0.33924 0 1
0.060581 -0.40161 0.25757 0 1
0.53379 -0.65838 0.2603 0 1
0.59879 -0.6993 0.40158 0 1
0.091758 -0.3388 0.51219 0 1
