290 4 1
-0.14149 -0.28596 0.55842 0 1
-0.55908 0.06611 0.82037 0 1
-0.8495 0.29012 1.1854 0 1
-0.83746 0.24134 1.2317 0 1
-0.96002 0.28546 2.0143 0 1
-0.78871 0.10004 2.9201 0 1
-0.63387 0.042133 3.0349 0 1
-0.69675 0.1452 2.6312 0 1
-0.40181 -0.090884 2.092 0 1
0.46071 -0.2611 -0.45584 2 10
0.28882 0.28957 -1.6549 0 1
-0.34867 0.35994 -0.45522 0 1
-0.22449 -0.2499 0.3084 0 1
-0.19036 -0.27117 0.34666 0 1
0.044525 -0.45816 0.80282 0 1
0.087268 -0.39514 0.52472 0 1
0.070686 -0.1936 0.20982 0 1
-0.061271 -0.09033 0.26453 0 1
-0.077446 -0.13235 0.30025 0 1
0.59016 -0.9032 1.1875 0 1
0.56979 -1.0376 1.2706 0 1
0.52224 -1.0123 1.1063 0 1
0.25698 -0.68978 0.83297 0 1
0.077094 -0.15656 0.24455 2 10
0.1278 -0.13624 0.18309 2 10
0.27974 -0.38039 0.61522 2 10
0.011016 -0.62885 1.0087 0 1
-0.23704 -0.41368 0.72601 0 1
-0.19195 -0.28573 0.22008 0 1
0.0036023 -0.17005 -0.23685 0 1
0.16884 -0.09695 -0.37267 0 1
0.31286 -0.17819 -0.10428 0 1
0.38275 -0.21547 -0.18995 0 1
0.31981 -0.24508 -0.044434 0 1
0.1508 -0.3361 0.17706 0 1
-0.00062047 -0.4645 0.4303 0 1
-0.21931 -0.27486 0.21879 0 1
-0.42335 0.025879 0.017419 0 1
-0.53049 0.51709 -0.32856 0 1
-0.32494 0.38264 -0.15093 0 1
-0.1336 0.22197 0.062104 0 1
0.15974 -0.073501 0.26156 0 1
0.48054 -0.48819 0.56362 0 1
0.44221 -0.65718 0.44141 0 1
0.26625 -0.48725 0.30097 0 1
0.064741 -0.26788 0.095004 0 1
-0.10309 -0.11396 -0.092496 0 1
-0.095069 -0.12816 -0.054242 0 1
0.10045 -0.19411 0.38593 0 1
-0.015061 0.063511 0.23362 0 1
-0.24203 0.40899 -0.092218 0 1
-0.39426 0.52393 -0.34959 0 1
-0.26958 0.29797 -0.59006 2 10
-0.12782 0.0021123 -0.44847 2 10
0.24306 -0.33239 -0.29176 0 1
-0.82287 0.73627 -1.6725 0 1
-0.8431 0.71678 -1.6191 0 1
-0.78426 0.68395 -1.6051 0 1
-0.57161 0.30817 -1.0247 0 1
0.11571 -0.60412 0.63841 0 1
0.64108 -1.2146 1.4264 0 1
0.68051 -1.236 1.3535 2 10
0.78632 -1.1948 1.3217 2 10
0.59686 -0.80072 0.79024 0 1
0.013969 -0.033545 -0.053017 0 1
-0.24747 0.13265 -0.37532 0 1
-0.34868 -0.027134 -0.12907 0 1
-0.2129 -0.11919 0.19608 0 1
-0.26172 -0.055232 0.14613 0 1
-0.23592 -0.042666 0.25981 0 1
0.081668 -0.094695 0.52178 0 1
0.18472 -0.25709 0.58543 0 1
0.071401 -0.23471 0.13054 0 1
-0.18212 -0.064834 -0.061522 0 1
-0.12272 -0.095067 0.165 0 1
0.011814 -0.28119 0.75108 0 1
0.39305 -0.81364 1.5069 0 1
0.51633 -0.84825 1.3227 0 1
0.47355 -0.64088 0.86233 2 10
0.26463 -0.22465 0.18264 2 10
-0.14052 0.4004 -0.72056 0 1
-0.39318 0.69712 -1.2218 0 1
-0.52978 0.81102 -1.4628 0 1
-0.55131 0.76316 -1.3817 0 1
0.030706 0.0061172 -0.3205 0 1
0.020803 -0.087827 0.089733 0 1
-0.025316 -0.3744 0.96151 0 1
-0.073703 -0.36414 1.0089 0 1
0.19005 -0.49965 0.91206 0 1
0.13538 -0.39192 0.61252 0 1
0.057472 -0.32004 0.48276 0 1
-0.24409 0.065178 -0.064212 0 1
-0.52203 0.36149 -0.31509 0 1
-0.598 0.41788 -0.43195 0 1
-0.55418 0.38437 -0.4583 0 1
-0.3975 0.24565 -0.24244 0 1
-0.13191 0.025156 0.37076 0 1
-0.065772 0.010188 0.42968 0 1
-0.11063 0.078172 0.3295 0 1
0.13956 -0.24213 0.58905 0 1
0.46067 -0.78844 0.87591 0 1
0.81302 -1.5332 1.4334 2 10
0.79685 -1.5257 1.4221 2 10
0.73107 -1.4712 1.4104 2 10
0.46074 -0.95994 1.0706 0 1
0.0091632 -0.17319 0.3612 0 1
-0.21963 0.15744 0.013052 0 1
-0.48302 0.38424 -0.84922 0 1
-0.42259 0.20747 -0.74693 0 1
-0.014029 -0.14822 -0.05142 0 1
-0.020567 -0.20762 0.085272 0 1
0.10187 -0.40043 0.33924 0 1
0.060581 -0.40161 0.25757 0 1
0.53379 -0.65838 0.2603 0 1
0.59879 -0.6993 0.40158 0 1
0.091758 -0.3388 0.51219 0 1
-0.42547 -0.068405 0.05218 0 1
-0.2356 -0.155 0.10733 0 1
-0.019336 -0.16863 0.22416 0 1
0.14131 -0.17814 0.27336 0 1
0.2849 -0.43378 1.2089 3 10
0.14246 -0.53421 1.368 0 1
-0.065951 -0.3815 1.0821 0 1
-0.22788 -0.15668 0.56534 0 1
-0.27124 -0.11697 0.12688 0 1
0.32677 -0.60886 0.11142 0 1
0.28302 -0.44067 0.053788 0 1
0.16269 -0.15083 0.25357 0 1
-0.12185 0.14882 0.18122 0 1
0.23107 -0.39505 0.42687 3 10
0.36669 -0.57148 0.64118 3 10
0.27541 -0.49582 0.55721 0 1
-0.11927 -0.065552 0.2685 0 1
-0.074687 -0.05383 0.23704 0 1
-0.0044575 -0.22007 0.32571 0 1
-0.065491 -0.19062 0.3695 0 1
-0.10278 -0.11389 0.4192 0 1
0.16114 -0.36327 0.49907 0 1
0.24645 -0.5445 0.46935 0 1
0.25317 -0.61504 0.38447 0 1
0.037653 -0.42853 0.2454 0 1
-0.13827 -0.2499 0.17048 0 1
-0.12596 -0.18613 0.27717 0 1
-0.076208 -0.17291 0.3424 0 1
-0.028086 -0.19103 0.33338 0 1
-0.0014886 -0.21124 0.30762 0 1
-0.084351 -0.22008 0.25976 3 10
-0.041567 -0.25106 0.3042 3 10
0.011808 -0.27658 0.33762 0 1
-0.086116 -0.18682 -0.13352 0 1
-0.25297 -0.033515 -0.86229 0 1
-0.47956 0.20134 -1.5214 0 1
-0.59281 0.31476 -1.6504 0 1
-0.63692 0.40515 -1.7157 0 1
-0.4355 0.10584 -0.38329 0 1
-0.054691 -0.35236 0.46363 0 1
0.0083003 -0.2897 0.22084 0 1
-0.081138 -0.14876 -0.033628 0 1
0.1943 -0.060403 -0.14237 0 1
0.04365 -0.03517 -0.08555 0 1
0.048472 -0.015646 0.12833 0 1
-0.099396 0.012344 0.31953 3 10
-0.14154 -0.0033576 0.28995 3 10
-0.25685 0.010978 0.20241 3 10
-0.30464 -0.0069506 0.097181 3 10
-0.074163 -0.3813 0.44817 3 10
-0.070208 -0.38267 0.47037 0 1
-0.066534 -0.37489 0.49048 0 1
-0.15801 0.0093514 0.059774 0 1
-0.1732 -0.060541 0.059742 0 1
-0.17465 -0.070219 0.075248 0 1
-0.15043 -0.07541 0.11839 0 1
-0.054534 -0.21946 0.29695 0 1
-0.19801 -0.23132 0.33411 0 1
-0.29749 -0.074935 0.23655 0 1
-0.66686 0.63342 -0.079426 0 1
-0.68518 0.76768 -0.13451 0 1
-0.604 0.63003 -0.13725 3 10
-0.43645 0.3661 -0.030314 3 10
-0.16329 -0.077917 0.19132 3 10
-0.061121 -0.30763 0.29804 0 1
0.050229 -0.54251 0.4488 0 1
0.14995 -0.52796 0.59542 0 1
0.22558 -0.59791 0.789 0 1
0.30808 -0.62976 0.87321 0 1
0.41891 -0.72423 0.84059 0 1
0.35309 -0.67135 0.70947 0 1
0.33179 -0.58732 0.7225 0 1
0.29036 -0.43994 0.7331 3 10
0.11036 -0.30318 0.8502 3 10
-0.028853 -0.27854 0.75063 3 10
-0.18352 -0.19657 0.60556 3 10
-0.29143 0.042481 0.09814 0 1
-0.034389 -0.074091 0.067042 0 1
0.022859 -0.019707 -0.21732 0 1
-0.045955 0.1656 -0.56102 0 1
0.20019 -0.052024 -0.13963 0 1
0.19863 -0.12966 0.26603 0 1
0.050747 -0.089772 0.32163 0 1
-0.29977 0.07023 0.092784 0 1
-0.5853 0.16625 -0.057396 0 1
-0.3761 -0.44022 0.079077 0 1
0.3362 -0.77518 0.59618 0 1
0.50265 -0.62391 0.78231 0 1
0.2404 -0.34525 0.68671 0 1
0.14394 -0.34264 0.81718 0 1
-0.050669 -0.30518 0.7149 0 1
-0.17284 -0.31698 0.57239 0 1
-0.22613 -0.2577 0.72734 0 1
-0.33519 -0.14165 0.69177 0 1
-0.36005 -0.014044 0.36884 0 1
-0.29466 -0.10594 0.41808 0 1
-0.23921 -0.17301 0.38246 3 10
0.031095 -0.31221 0.44691 3 10
0.26121 -0.4564 0.53681 0 1
0.24338 -0.55206 0.66056 0 1
0.1758 -0.76405 0.76315 0 1
0.20782 -0.53321 0.77018 0 1
0.3708 -0.44067 0.29042 0 1
0.32384 -0.61523 0.10618 0 1
0.11899 -0.51143 0.18803 0 1
-0.12339 -0.39423 0.18891 0 1
-0.12853 -0.17433 0.49492 0 1
-0.12357 -0.079848 0.46135 0 1
0.20494 -0.33923 0.37183 0 1
0.068642 -0.20097 0.27544 0 1
-0.16449 0.2197 0.075356 0 1
-0.22596 0.17328 -0.15777 0 1
-0.13 -0.2773 0.16576 0 1
-0.21841 -0.17745 0.27594 0 1
-0.27916 -0.073338 0.47249 0 1
-0.28037 0.025783 0.46563 0 1
-0.16794 -0.081052 0.626 0 1
-0.017841 -0.19585 0.81623 0 1
0.17926 -0.43947 0.8383 0 1
0.30292 -0.68259 0.80884 0 1
0.28527 -0.78603 0.71083 0 1
0.38873 0.52241 -0.60226 0 1
-0.64405 2.5466 -1.3918 0 1
-0.57907 2.4858 -1.4448 0 1
-0.54091 2.4781 -1.449 0 1
0.29953 0.044227 -0.23065 0 1
-0.90009 0.26606 -1.051 0 1
-1.2077 0.66096 -1.9295 0 1
-1.0631 0.71944 -1.9561 0 1
0.044981 0.56564 -0.018929 0 1
0.073106 -0.10207 -0.035435 0 1
-0.91555 2.8988 -4.4415 0 1
-0.62112 2.8277 -4.85 0 1
-0.5956 2.777 -4.7976 0 1
0.13046 1.4013 -2.8772 0 1
0.87472 0.013916 -0.8346 0 1
0.99712 -0.21966 -0.17492 0 1
-0.41276 0.65409 -0.28086 0 1
-0.54025 0.77584 -0.37051 0 1
-0.54094 0.81797 -0.39356 0 1
-0.40129 1.0005 -2.3173 0 1
-0.40258 0.92059 -2.8838 0 1
-0.39897 0.89588 -2.8551 0 1
-0.84587 1.2328 -0.90446 0 1
-0.47639 0.81044 -0.67344 0 1
-0.14522 0.45026 -0.58549 0 1
0.042729 0.35296 -0.59039 0 1
0.019391 0.36769 -0.59178 0 1
0.14944 0.93307 -1.5002 0 1
0.098111 0.95326 -1.9707 0 1
0.10252 1.008 -2.0472 0 1
0.62019 -0.61647 -0.22946 0 1
0.59549 -0.6988 -0.18878 0 1
0.44735 -0.41184 -0.42733 0 1
0.4391 0.033564 -0.63872 0 1
0.48944 0.062132 -0.63622 0 1
0.57103 0.62915 -1.8214 0 1
-0.20589 2.0266 -4.3477 0 1
-0.20246 2.0098 -4.3576 0 1
-0.17588 2.0224 -4.4479 0 1
-0.26093 1.0787 -1.8094 0 1
-0.15612 0.52486 -0.48352 0 1
-0.19266 0.588 -0.55805 0 1
0.58388 0.61354 0.52698 0 1
1.3754 0.24417 0.55561 0 1
-4.1697 0.68559 0.96458 0 1
-9.1614 0.38134 2.8605 0 1
-11.422 -0.13032 4.0819 0 1
-10.004 0.12415 3.5482 0 1
-9.2979 0.49074 3.1683 1 10
9.1653 -3.4125 -0.41875 1 10
7.8926 -2.7612 -0.1409 1 10
7.2682 -2.7209 0.14421 1 10
7.4063 4.1684 5.2913 1 10
