290 4 1
0.38873 0.52241 -0.60226 0 1
-0.64405 2.5466 -1.3918 0 1
-0.57907 2.4858 -1.4448 0 1
-0.54091 2.4781 -1.449 0 1
0.29953 0.044227 -0.23065 0 1
-0.90009 0.26606 -1.051 0 1
-1.2077 0.66096 -1.9295 0 1
-1.0631 0.71944 -1.9561 0 1
0.044981 0.56564 -0.018929 0 1
0.073106 -0.10207 -0.035435 0 1
-0.91555 2.8988 -4.4415 0 1
-0.62112 2.8277 -4.85 0 1
-0.5956 2.777 -4.7976 0 1
0.13046 1.4013 -2.8772 0 1
0.87472 0.013916 -0.8346 0 1
0.99712 -0.21966 -0.17492 0 1
-0.41276 0.65409 -0.28086 0 1
-0.54025 0.77584 -0.37051 0 1
-0.54094 0.81797 -0.39356 0 1
-0.40129 1.0005 -2.3173 0 1
-0.40258 0.92059 -2.8838 0 1
-0.39897 0.89588 -2.8551 0 1
-0.84587 1.2328 -0.90446 0 1
-0.47639 0.81044 -0.67344 0 1
-0.14522 0.45026 -0.58549 0 1
0.042729 0.35296 -0.59039 0 1
0.019391 0.36769 -0.59178 0 1
0.14944 0.93307 -1.5002 0 1
0.098111 0.95326 -1.9707 0 1
0.10252 1.008 -2.0472 0 1
0.62019 -0.61647 -0.22946 0 1
0.59549 -0.6988 -0.18878 0 1
0.44735 -0.41184 -0.42733 0 1
0.4391 0.033564 -0.63872 0 1
0.48944 0.062132 -0.63622 0 1
0.57103 0.62915 -1.8214 0 1
-0.20589 2.0266 -4.3477 0 1
-0.20246 2.0098 -4.3576 0 1
-0.17588 2.0224 -4.4479 0 1
-0.26093 1.0787 -1.8094 0 1
-0.15612 0.52486 -0.48352 0 1
-0.19266 0.588 -0.55805 0 1
0.58388 0.61354 0.52698 0 1
1.3754 0.24417 0.55561 0 1
-4.1697 0.68559 0.96458 0 1
-9.1614 0.38134 2.8605 0 1
-11.422 -0.13032 4.0819 0 1
-10.004 0.12415 3.5482 0 1
-9.2979 0.49074 3.1683 1 10
9.1653 -3.4125 -0.41875 1 10
7.8926 -2.7612 -0.1409 1 10
7.2682 -2.7209 0.14421 1 10
7.4063 4.1684 5.2913 1 10
5.1151 9.7009 6.6068 0 1
2.9438 13.069 6.4693 0 1
2.3708 10.153 5.1422 0 1
1.4368 6.8654 3.2036 0 1
0.58875 3.2571 0.96652 0 1
-0.13504 0.47623 -0.77534 0 1
-0.42323 -0.66674 -1.1254 0 1
-0.45863 -0.49954 -1.0634 0 1
-0.46767 -0.42904 -1.0622 0 1
0.29272 0.71986 -0.68609 0 1
0.54022 1.049 -0.86107 0 1
0.077331 0.88884 -1.1261 0 1
-0.17481 -0.10685 -1.2991 0 1
-0.35555 -0.55563 -1.2983 0 1
-0.64969 -0.085146 -1.3626 1 10
0.010823 0.6694 -1.2164 0 1
0.12103 0.59279 -1.3825 0 1
0.61671 0.11155 -1.3043 0 1
0.27982 0.39838 -1.4307 0 1
0.1394 0.12486 -0.77191 0 1
0.20857 0.31484 -0.95074 0 1
0.59054 0.13084 -0.57907 0 1
0.94008 -0.08895 -0.29189 0 1
0.91145 -0.097292 -0.40922 0 1
0.77154 -0.33519 0.01333 0 1
0.55948 -0.28663 0.073374 0 1
0.38611 0.071016 0.0047773 0 1
0.15648 0.53815 -0.29179 0 1
-0.19676 1.6428 -1.8964 0 1
-0.69756 2.7402 -3.5949 0 1
-0.7427 3.0171 -4.2401 0 1
-0.82831 3.3092 -4.4635 0 1
-0.70359 3.0137 -4.3682 0 1
-0.23739 1.3758 -2.8546 1 10
0.31526 -0.61146 -0.98554 1 10
0.25154 -0.56735 -0.66253 1 10
-0.01267 -0.9852 1.0832 1 10
-0.084125 -0.76806 0.017357 1 10
0.039555 -0.3831 -0.37435 1 10
0.61522 -0.59492 -0.99272 0 1
0.8577 -0.20306 -1.8702 0 1
0.58432 -0.024465 -0.85709 0 1
0.54771 -0.022947 -0.6154 0 1
0.54294 0.073118 -0.12962 0 1
0.80779 0.24469 0.29245 0 1
1.0997 0.26543 0.36777 0 1
0.94974 0.35476 -0.40699 0 1
-0.050613 -0.036503 -0.4135 0 1
-0.98143 -0.46749 -0.13572 0 1
-1.1706 -0.027779 -0.18528 1 10
-1.0611 0.23359 0.065805 1 10
-1.1987 -0.82143 0.28142 1 10
-1.308 -1.5099 -0.32693 1 10
0.058796 -0.50801 -1.1546 0 1
0.85725 -0.44509 -1.033 0 1
0.88877 -0.62597 -0.63604 0 1
0.93135 -0.72732 -0.30562 0 1
-0.8338 0.69708 -0.034776 0 1
-0.85467 0.65028 0.010719 0 1
-0.58969 0.64498 -0.31483 0 1
-0.25789 0.91924 -0.52373 0 1
-0.24537 0.92054 -0.49347 0 1
-0.021627 0.50603 -0.22179 0 1
0.23088 0.12287 -0.014357 0 1
0.29016 0.01777 0.051078 0 1
0.29659 0.042354 0.028769 0 1
0.11169 0.3782 -0.39373 0 1
-0.038706 0.56175 -0.49233 0 1
-0.37783 0.81689 -0.81565 0 1
-0.53944 0.93364 -0.95766 1 10
0.36691 -2.4016 1.4598 1 10
0.074616 -2.2239 1.7631 1 10
-0.0019534 -2.1275 1.8189 0 1
0.66898 -2.0156 0.98232 0 1
1.1559 -0.62052 -1.387 0 1
1.0771 -0.33734 -0.98751 0 1
1.0589 -0.47282 -0.58898 0 1
1.1223 -0.83549 0.012548 0 1
0.62054 -0.45152 0.28005 0 1
-0.045543 0.13379 0.16722 0 1
-0.35774 0.36434 -0.044433 0 1
-0.37736 0.4194 -0.10113 0 1
0.41917 -0.46025 0.1387 0 1
0.42033 -0.50374 0.094769 0 1
0.38993 -0.43745 0.05328 0 1
0.0058596 0.057384 -0.15356 0 1
-0.24202 0.65722 -0.042661 0 1
0.15294 0.18638 0.31803 0 1
0.4254 -0.21263 0.5253 0 1
0.43729 -0.34625 0.51423 0 1
0.43289 -0.3002 0.45903 0 1
0.52407 -0.039709 0.34072 0 1
0.23583 0.57392 -0.20735 0 1
-0.040679 1.0605 -1.016 0 1
-0.056931 1.1724 -1.6425 0 1
-0.14772 1.2492 -1.8819 0 1
0.21909 -0.76495 0.36227 1 10
0.049955 -0.40015 0.47787 1 10
-0.080613 -0.21993 0.68073 1 10
-0.009639 -0.81764 0.80499 1 10
-0.32053 -1.5692 0.69588 0 1
-0.38198 -1.3873 0.71814 0 1
-0.020263 -1.4392 0.45047 0 1
0.6169 -0.82581 -1.2513 0 1
0.70636 -0.28345 -1.4051 0 1
0.73706 -0.35545 -1.0189 0 1
-0.39817 0.76156 -0.86403 0 1
-0.50785 0.89562 -0.30967 0 1
-0.64289 1.0687 -0.056877 0 1
-0.65681 1.0237 0.14304 0 1
-0.59252 0.9403 0.09568 0 1
-0.13777 0.21267 -0.37821 0 1
0.093252 -0.1963 -0.51143 0 1
-0.15876 0.05107 0.50391 0 1
-0.16709 0.46264 0.20288 0 1
-0.10949 0.59148 -0.1869 0 1
0.057437 0.68654 -0.80173 0 1
0.028565 0.75749 -0.87621 0 1
0.34892 -1.1795 0.72002 1 10
1.2092 -1.8708 -0.24092 0 1
0.76554 -0.81771 -1.1402 0 1
0.65427 -0.46782 -0.75431 0 1
0.81468 -0.31271 -0.86423 0 1
0.92116 -0.22315 -0.80636 0 1
0.95971 -0.69754 -0.45314 0 1
0.54274 -0.24568 -0.53677 0 1
0.01143 0.35854 -0.74239 0 1
-0.098144 0.74899 -1.1811 0 1
-0.11178 0.86678 -1.2382 0 1
-0.2063 0.85355 -0.90508 0 1
-0.12851 0.59313 -0.6342 0 1
0.28573 0.42579 -0.55407 1 10
-0.47251 -0.80733 1.4171 1 10
0.04267 -0.078819 -1.774 0 1
0.096191 -0.011443 -2.2713 0 1
0.21381 -0.44418 -1.706 0 1
-0.064156 -0.07146 -1.1474 0 1
-0.28855 0.11142 -0.39897 0 1
-0.39474 0.23622 -0.018092 0 1
-0.061276 0.086033 0.72621 0 1
0.30079 -0.15789 1.0369 0 1
0.30272 -0.23642 0.81975 0 1
0.26415 -0.12321 0.59136 0 1
-0.60091 0.24325 -0.10466 0 1
-0.72061 0.18692 -0.1073 0 1
-0.87605 0.41169 -0.095091 1 10
-0.75035 0.80263 -0.48659 1 10
0.3475 -0.20466 -0.69247 1 10
0.3593 -1.0479 -0.010726 1 10
0.17367 -1.0004 0.54753 1 10
-0.029374 -0.99617 1.0757 1 10
-0.67105 -1.2386 1.2749 0 1
-0.74492 -0.20753 -0.91681 0 1
0.7119 -0.97749 -1.1928 0 1
1.6045 -1.8586 -1.5056 0 1
1.234 -1.8825 -1.0934 0 1
0.56071 -1.4575 -0.62325 0 1
0.34754 -0.30641 -1.0461 0 1
0.68264 0.50988 -1.4177 0 1
-1.0999 -2.5066 1.1694 0 1
-0.97588 -2.3829 0.9555 0 1
-1.0304 -2.1484 0.923 0 1
-0.45925 -2.2385 0.72317 0 1
-0.4585 -1.997 0.29875 0 1
-0.72523 -1.7664 -0.41092 0 1
-0.20126 -1.9104 -0.92316 0 1
-0.27289 -1.442 -0.7714 0 1
-0.36858 -0.49654 -0.17065 0 1
0.035703 0.062716 -0.58896 0 1
0.17934 0.0084651 -0.65223 0 1
0.14167 0.077993 -0.75252 0 1
-0.14191 0.4481 -1.0339 0 1
-0.43141 0.54888 -0.59258 0 1
-0.41072 0.56213 -0.47826 1 10
-0.15418 0.38331 -0.23211 1 10
0.43163 -0.65209 0.4307 1 10
1.1226 -1.7577 -0.36025 0 1
0.88619 -1.4152 -1.2196 0 1
-0.64226 -0.58468 -0.13399 0 1
0.83119 -0.22799 -0.5646 0 1
0.82108 -0.19815 -0.80202 0 1
0.6246 -0.17183 -0.61936 0 1
0.25303 -0.0055696 0.54337 0 1
0.12019 0.020054 0.38006 0 1
0.015042 0.10263 0.32424 0 1
-0.11549 0.053651 0.29613 0 1
-0.2446 -0.00039805 0.24436 0 1
-0.24486 0.082621 0.20712 0 1
-0.14684 0.024989 0.30149 0 1
-0.00080254 -0.1196 0.47027 0 1
0.0028302 -0.10868 0.49521 0 1
0.31474 0.050465 0.26634 0 1
0.35159 0.0049329 0.28393 0 1
0.33199 -0.22571 0.43588 0 1
0.14959 -0.57263 0.68499 0 1
-0.25621 -0.44436 0.69904 0 1
-0.020512 -0.12216 0.38283 0 1
0.14082 -0.02569 0.27564 0 1
0.24296 0.10303 0.13598 0 1
0.19708 0.81568 0.48732 0 1
0.085692 0.59156 0.53133 0 1
0.00065515 0.39699 0.64455 0 1
0.10318 0.21742 0.64824 0 1
0.29691 -0.14085 0.51681 0 1
0.37666 -0.43941 0.41495 0 1
0.27576 -0.43633 0.4568 0 1
0.16845 -0.35806 0.42175 0 1
-0.27237 -0.013762 0.52103 0 1
-0.51673 0.39113 -0.099069 0 1
-0.12949 0.46268 -0.56688 0 1
0.10445 0.49743 -0.77453 0 1
0.16031 0.25279 -0.39733 0 1
0.22658 -0.15624 0.25917 0 1
0.12949 -0.37854 0.46852 0 1
-0.34497 -0.051218 0.3764 0 1
-0.55221 0.16992 0.20714 0 1
-0.68096 0.37632 -0.22963 0 1
-0.58997 0.23982 -0.19536 0 1
-0.50568 0.15712 -0.11058 0 1
-0.2659 0.043865 -0.084719 0 1
0.49716 -0.35095 0.32787 0 1
0.45124 -0.23036 0.41007 0 1
0.31464 -0.11321 0.35868 0 1
0.12988 -0.1629 0.31241 0 1
0.027633 -0.31091 0.22827 0 1
-0.057809 -0.21005 -0.021481 0 1
-0.074412 -0.13911 -0.26026 0 1
-0.18054 0.26978 -0.20115 0 1
-0.20874 0.024178 0.078211 0 1
-0.20591 -0.45574 0.47229 0 1
-0.20726 -0.41673 0.35291 0 1
-0.33264 -0.20724 0.30653 0 1
-0.36509 0.018041 0.27162 0 1
0.011307 -0.030408 0.37283 0 1
0.5026 -0.1398 0.37255 0 1
0.60247 -0.16437 0.30822 0 1
0.29853 -0.24196 0.55509 0 1
