511 4 1
-12.809 9.1107 -5.323 0 1
-12.797 9.364 -5.0932 0 1
-12.796 9.4745 -4.9836 0 1
-12.799 9.3458 -5.1137 0 1
-12.797 9.3087 -5.1836 0 1
-12.787 9.6663 -4.84 0 1
-12.82 8.7096 -5.7071 0 1
-12.82 8.6725 -5.7462 0 1
-12.804 9.1809 -5.2632 0 1
-12.808 9.0533 -5.419 0 1
-12.816 8.7623 -5.6965 0 1
-12.8 9.3032 -5.18 0 1
-12.806 9.1636 -5.3128 0 1
-12.823 8.5796 -5.8643 0 1
-12.823 8.5796 -5.8643 0 1
-11.419 1.2791 -8.6478 0 1
1.8653 1.758 -0.41048 1 1
1.8641 1.6245 -0.52915 1 1
1.8689 1.7749 -0.39146 1 1
1.8585 1.583 -0.5497 1 1
1.8662 1.8128 -0.34183 1 1
1.857 1.5809 -0.54558 1 1
0.49486 -2.6027 -3.7331 1 1
0.19153 -3.6621 -4.5123 1 1
0.55692 -2.6656 -3.7223 1 1
0.82068 -1.672 -3.074 1 1
0.19166 -3.6836 -4.5296 1 1
0.19625 -3.4574 -4.3009 1 1
0.19954 -3.3345 -4.1721 1 1
0.90394 -1.4988 -2.7678 1 1
1.852 1.7017 -0.41539 1 1
0.31575 1.8109 -0.33651 1 1
1.8505 1.6462 -0.457 1 1
-0.42399 -2.1368 -1.0451 1 1
1.8412 1.4184 -0.66354 1 1
1.8456 1.6841 -0.40778 1 1
1.8542 1.8989 -0.19758 1 1
1.847 1.7456 -0.33423 1 1
1.8434 1.6009 -0.47638 1 1
1.8453 1.7432 -0.32997 1 1
1.8461 1.7779 -0.29104 1 1
1.142 -0.58361 -2.1632 1 1
0.17667 -3.7027 -4.4895 1 1
0.18004 -3.5236 -4.2997 1 1
0.1787 -3.5837 -4.363 1 1
0.1749 -3.6761 -4.4529 1 1
0.17838 -3.5478 -4.3252 1 1
0.18295 -3.3586 -4.1295 1 1
1.2222 -0.29697 -1.7632 1 1
1.8428 1.7393 -0.32082 1 1
1.8378 1.4051 -0.62527 0 1
1.8346 1.3014 -0.72269 0 1
1.8395 1.3664 -0.6597 0 1
1.8463 1.5919 -0.45387 0 1
1.8451 1.6663 -0.37343 0 1
1.8439 1.7124 -0.32749 0 1
1.8487 1.7039 -0.34848 0 1
1.8502 1.6971 -0.35441 0 1
1.8484 1.7775 -0.26745 0 1
1.8487 1.7039 -0.34848 0 1
1.8453 1.7044 -0.33436 0 1
1.8497 1.7333 -0.31638 0 1
1.8502 1.807 -0.23625 0 1
1.8499 1.7759 -0.27657 0 1
1.8536 1.8796 -0.17377 0 1
1.8455 1.6632 -0.3816 0 1
1.8474 1.7744 -0.26899 0 1
1.842 1.5854 -0.44558 0 1
1.8412 1.5165 -0.51476 0 1
1.85 1.8051 -0.24073 0 1
1.8495 1.8125 -0.23838 0 1
1.8388 1.7321 -0.30633 0 1
1.8488 1.7689 -0.27048 0 1
1.8322 1.6587 -0.36998 0 1
1.8425 1.8444 -0.20299 0 1
1.8376 1.5472 -0.46739 0 1
1.8259 1.5742 -0.40678 0 1
1.7745 1.7246 -0.065019 1 1
1.7672 1.4677 -0.31309 1 1
1.7701 1.6418 -0.13435 1 1
1.7726 1.6767 -0.10147 1 1
1.7599 1.4476 -0.29989 1 1
1.0525 -0.57395 -1.9092 1 1
0.10071 -3.7801 -4.2626 1 1
0.10375 -3.6347 -4.1037 1 1
0.10044 -3.8165 -4.2953 1 1
0.098532 -3.8598 -4.3399 1 1
0.10641 -3.5145 -3.9843 1 1
0.10832 -3.4673 -3.9378 1 1
1.7691 1.7418 -0.017214 1 1
1.7637 1.3314 -0.40928 1 1
1.7707 1.6994 -0.059481 1 1
1.7559 1.4051 -0.32818 1 1
1.7502 1.3311 -0.38844 1 1
1.7643 1.7675 0.032112 1 1
-2.3075 -3.8664 -5.2931 1 1
0.45832 -2.7509 -3.4034 1 1
0.71548 -1.5621 -2.589 1 1
0.091978 -3.7968 -4.2399 1 1
1.4457 0.34323 -1.0764 1 1
1.7509 1.425 -0.27613 1 1
-0.52964 -2.4942 -0.99731 1 1
1.7522 1.654 -0.048924 1 1
1.7561 1.6451 -0.062483 1 1
1.3819 0.49545 -0.98303 1 1
-1.5584 -5.5727 -3.319 1 1
0.088433 -3.6261 -4.0295 1 1
0.43052 -2.6279 -3.2325 1 1
0.43073 -2.6021 -3.2021 1 1
1.7472 1.5346 -0.14821 1 1
1.7613 1.5648 -0.12666 1 1
1.7662 1.758 0.057774 1 1
1.757 1.5034 -0.18218 1 1
1.7559 1.4995 -0.18347 1 1
1.759 1.6574 -0.036342 1 1
1.7613 1.6052 -0.084505 1 1
1.7635 1.6801 -0.017672 1 1
1.757 1.4623 -0.22317 1 1
1.7551 1.4319 -0.25909 1 1
1.7518 1.3918 -0.28716 1 1
1.761 1.5775 -0.12264 1 1
1.7552 1.3449 -0.33404 1 1
1.7611 1.5673 -0.12267 1 1
1.748 1.1254 -0.53954 1 1
1.6755 1.4311 0.028202 1 1
1.6777 1.4294 0.023874 1 1
1.6722 1.3163 -0.072517 1 1
1.6783 1.5312 0.13524 1 1
1.6708 1.3156 -0.070351 1 1
1.6723 1.3858 0.0036375 1 1
1.6729 1.4544 0.07542 1 1
1.6664 1.3126 -0.053864 1 1
1.6748 1.5268 0.14713 1 1
1.6637 1.3047 -0.050931 1 1
1.6732 1.5244 0.15139 1 1
0.0050751 -3.7065 -3.7759 1 1
0.0074695 -3.6795 -3.7501 1 1
0.3055 -2.8818 -3.2634 1 1
0.0032859 -3.8259 -3.8955 1 1
0.3612 -3.1155 -3.4085 1 1
0.00015464 -3.915 -3.9863 1 1
0.36079 -3.0964 -3.3824 1 1
0.70368 -2.041 -2.5225 1 1
1.6655 1.5654 0.21528 1 1
1.6559 1.2603 -0.070233 1 1
1.6654 1.5561 0.21464 1 1
1.6558 1.2594 -0.070743 1 1
1.6633 1.5532 0.21869 1 1
1.653 1.261 -0.062674 1 1
1.6552 1.4077 0.087391 1 1
1.6532 1.4046 0.092385 1 1
1.6516 1.395 0.088197 1 1
1.6551 1.3914 0.079832 1 1
1.6509 1.3943 0.090515 1 1
1.6494 1.3899 0.10116 1 1
-0.98686 -3.3905 -1.292 1 1
-0.019301 -4.1039 -4.1205 1 1
0.32771 -2.8698 -3.0813 1 1
-0.017563 -4.0289 -4.0417 1 1
-0.011549 -3.796 -3.8027 1 1
-0.012798 -3.8146 -3.8168 1 1
-0.013081 -3.8493 -3.8531 1 1
1.3481 0.22055 -0.76213 1 1
1.6672 1.7203 0.42116 1 1
1.6525 1.2886 0.012494 1 1
1.6562 1.4274 0.13525 1 1
1.6508 1.3541 0.082652 1 1
1.6578 1.4585 0.1773 1 1
1.6597 1.5363 0.24823 1 1
1.6636 1.6038 0.31439 1 1
1.6578 1.3891 0.11126 1 1
1.6592 1.5406 0.25576 1 1
1.6588 1.4997 0.21559 1 1
1.6555 1.3869 0.1145 1 1
1.6549 1.3095 0.03162 1 1
1.6526 1.2771 0.0033988 1 1
1.6567 1.4663 0.18129 1 1
1.6559 1.3176 0.036427 1 1
1.6489 1.1287 -0.13341 1 1
1.6501 1.2362 -0.034027 1 1
1.6634 1.6107 0.32093 1 1
1.654 1.3922 0.11252 0 1
1.6389 1.3124 0.055984 0 1
1.6497 1.3521 0.089652 0 1
1.6583 1.416 0.13924 0 1
1.6111 1.5566 0.42613 1 1
1.6071 1.4341 0.32216 1 1
1.6061 1.4315 0.32359 1 1
-0.065368 -4.0452 -3.8528 1 1
-0.067147 -4.0731 -3.8808 1 1
0.30292 -2.9847 -3.0128 1 1
-0.066883 -4.0528 -3.8639 1 1
-0.064502 -3.9842 -3.7884 1 1
-0.060763 -3.8089 -3.6098 1 1
-0.059755 -3.836 -3.6437 1 1
1.2864 -0.053584 -0.82861 1 1
1.6048 1.5746 0.48088 1 1
1.59 1.1384 0.068104 1 1
1.5962 1.4225 0.35356 1 1
1.5914 1.2025 0.13617 1 1
1.5849 1.1583 0.1153 1 1
0.041597 1.1394 0.061201 1 1
1.5915 1.373 0.32179 1 1
1.5888 1.3369 0.28981 1 1
1.5901 1.2609 0.20918 1 1
1.591 1.3348 0.28449 1 1
1.5918 1.5205 0.47662 1 1
1.5924 1.2919 0.2691 1 1
1.5924 1.2221 0.1958 1 1
1.5955 1.3331 0.29914 1 1
1.597 1.4089 0.38113 1 1
1.5969 1.4058 0.38049 1 1
1.5945 1.334 0.30758 1 1
1.5919 1.2645 0.23447 1 1
1.5872 1.074 0.062234 1 1
1.5969 1.3822 0.33841 1 1
1.582 0.96683 -0.037932 1 1
1.591 1.1827 0.16199 1 1
1.6042 1.6302 0.58381 1 1
1.4884 1.1567 0.51813 1 1
1.486 1.1536 0.51367 1 1
1.4824 1.0444 0.41461 1 1
1.4903 1.2991 0.66191 1 1
1.4823 1.2554 0.63843 1 1
1.4748 1.0367 0.4374 1 1
1.4806 1.253 0.64269 1 1
1.4735 1.0318 0.43998 1 1
1.4773 1.2145 0.61292 1 1
1.1111 0.24706 -0.1356 1 1
-0.19344 -4.3576 -3.6731 1 1
-0.19096 -4.2512 -3.5645 1 1
-0.18877 -4.1464 -3.4513 1 1
-0.1917 -4.2825 -3.5944 1 1
-0.18768 -4.1033 -3.405 1 1
-0.18856 -4.116 -3.4187 1 1
-0.18997 -4.2075 -3.5156 1 1
1.4752 1.2047 0.62176 1 1
1.47 1.2008 0.63086 1 1
1.4637 0.9322 0.38487 1 1
1.4737 1.3127 0.74279 1 1
1.464 1.0043 0.45942 1 1
0.28623 -0.58933 0.39495 1 1
0.46333 -0.94679 0.26684 1 1
1.4602 1.0496 0.51463 1 1
1.4686 1.2962 0.74796 1 1
1.4626 1.1507 0.61674 0 1
1.471 1.1139 0.58837 0 1
1.4744 1.158 0.61447 0 1
1.4693 1.1201 0.59285 0 1
1.4717 1.1283 0.58446 0 1
1.4779 1.2718 0.71939 0 1
1.4747 1.2311 0.68593 0 1
1.4723 1.2381 0.69869 0 1
1.4653 1.012 0.48952 0 1
1.4673 1.0908 0.56319 0 1
1.4704 1.1227 0.5833 0 1
1.4792 1.3369 0.79189 0 1
1.4707 1.0402 0.51214 0 1
1.4699 1.1579 0.62959 0 1
1.4693 1.0807 0.55158 0 1
1.4661 0.89573 0.36845 0 1
1.4739 1.2342 0.69296 0 1
1.4754 1.2616 0.72685 0 1
1.3503 0.73492 0.63932 1 1
1.3548 1.0825 0.97313 1 1
1.3435 0.66246 0.58454 1 1
1.3544 1.0667 0.97378 1 1
1.3465 0.83931 0.75867 1 1
1.3528 1.0936 1.0081 1 1
1.3509 1.1706 1.0913 1 1
1.346 0.97397 0.91259 1 1
-0.32375 -4.4437 -3.2235 1 1
-0.32091 -4.3257 -3.096 1 1
-0.32179 -4.3855 -3.1601 1 1
-0.019054 -3.3658 -2.4377 1 1
-0.31955 -4.2755 -3.0475 1 1
-0.31783 -4.1833 -2.9494 1 1
0.042171 -3.3484 -2.3257 1 1
1.3409 1.0217 0.96456 1 1
0.7163 -1.289 -0.74905 1 1
1.3439 1.0524 1.0029 1 1
1.3379 0.82269 0.78561 1 1
1.3318 0.76011 0.72964 1 1
1.3336 0.74596 0.73218 0 1
1.3398 0.86417 0.84778 0 1
1.349 1.043 1.0116 0 1
1.3474 0.89519 0.86468 0 1
1.3398 0.86442 0.8479 0 1
1.3458 0.85665 0.8326 0 1
1.345 0.9376 0.91086 0 1
1.3395 0.78782 0.76725 0 1
1.3427 0.93868 0.91964 0 1
1.351 1.0818 1.0461 0 1
1.3446 0.89415 0.86811 0 1
1.3445 0.85351 0.83532 0 1
1.3527 1.08 1.0376 0 1
1.3251 0.64293 0.64083 0 1
1.3475 1.111 1.0932 0 1
1.3291 1.0345 1.0361 0 1
1.3327 1.0026 1.0102 0 1
1.3292 0.73973 0.76063 0 1
1.3331 0.77968 0.78596 0 1
-1.8926 -0.88814 -0.92895 0 1
1.2222 0.73975 1.1583 1 1
1.2235 0.83537 1.2685 1 1
1.2226 0.87511 1.313 1 1
0.50691 -1.3233 -0.45243 1 1
-0.44451 -4.4781 -2.7452 1 1
0.17644 -2.45 -1.3086 1 1
-0.14643 -3.5957 -2.1525 1 1
-0.44703 -4.5819 -2.8552 1 1
-0.093998 -3.1859 -1.662 1 1
-0.43899 -4.2644 -2.5319 1 1
1.221 0.91034 1.3488 1 1
1.2178 0.79176 1.2446 1 1
1.2117 0.86152 1.3321 1 1
0.84178 -0.35373 0.33836 1 1
-0.11382 -3.63 -2.0815 1 1
-1.735 -3.5888 -2.1111 1 1
-0.087113 -3.5767 -2.0381 1 1
1.2095 0.86489 1.3487 1 1
1.2023 0.64138 1.1335 1 1
1.2069 0.85223 1.353 1 1
1.1972 0.63312 1.1459 1 1
1.2087 0.78978 1.2977 0 1
1.218 0.92249 1.4268 0 1
1.2107 0.58749 1.0992 0 1
1.2179 0.85047 1.3523 0 1
1.199 0.29916 0.82971 0 1
1.212 0.70318 1.2173 0 1
1.2141 0.85555 1.3608 0 1
1.214 0.69983 1.2045 0 1
1.2159 0.85358 1.3517 0 1
1.2126 0.77541 1.2902 0 1
1.213 0.77627 1.2892 0 1
1.2156 0.85001 1.3497 0 1
1.2119 0.74154 1.2511 0 1
1.2055 0.51643 1.0389 0 1
1.209 0.63156 1.1472 0 1
1.2136 0.77902 1.2814 0 1
1.2095 0.70078 1.2174 0 1
1.1425 0.55414 1.2883 1 1
1.145 0.66516 1.3922 1 1
1.1466 0.66161 1.3887 1 1
1.1447 0.64713 1.39 1 1
-0.51903 -4.5853 -2.5535 1 1
-0.51967 -4.6282 -2.6004 1 1
1.144 0.73395 1.4793 1 1
1.1382 0.58255 1.3413 1 1
1.144 0.72485 1.4789 1 1
1.1328 0.20808 0.99633 1 1
1.1334 0.53251 1.3098 1 1
0.094169 -2.489 -1.0202 1 1
0.12292 -2.3492 -0.86015 1 1
-0.52873 -4.6417 -2.5787 1 1
-0.19014 -3.7621 -1.8995 1 1
0.82574 -0.46533 0.62153 1 1
1.1328 0.63035 1.4248 1 1
1.1301 0.64256 1.4313 1 1
1.1311 0.62793 1.4291 1 1
1.1409 0.71315 1.5097 1 1
1.143 0.81665 1.6084 0 1
1.1447 0.81957 1.6106 0 1
1.1351 0.45536 1.2579 0 1
1.1454 0.74604 1.5341 0 1
1.1387 0.628 1.4372 0 1
1.14 0.6725 1.469 0 1
1.142 0.74522 1.5431 0 1
1.1324 0.48955 1.3041 0 1
1.0578 0.21444 1.2778 1 1
1.0789 0.87577 1.9033 1 1
1.0703 0.6824 1.7344 1 1
1.0636 0.5654 1.6376 1 1
-0.60807 -4.9614 -2.608 1 1
-0.25398 -3.5097 -1.3542 1 1
-0.60358 -4.7689 -2.4022 1 1
-0.60555 -4.839 -2.48 1 1
-0.60354 -4.7668 -2.4028 1 1
-0.60395 -4.7969 -2.4356 1 1
-0.59654 -4.4939 -2.1271 1 1
1.0627 0.59999 1.6823 1 1
1.0569 0.44835 1.5408 1 1
1.0606 0.60004 1.6883 1 1
1.0541 0.37479 1.4775 1 1
1.0602 0.52991 1.6341 1 1
-2.0819 0.42709 1.5828 1 1
1.0513 0.47944 1.5964 1 1
1.0459 0.40966 1.5318 1 1
1.0564 0.66201 1.7697 1 1
1.0511 0.63048 1.7528 1 1
1.0464 0.47877 1.609 1 1
1.0487 0.62199 1.7611 1 1
-1.3078 -3.2074 1.036 1 1
-0.62024 -4.7432 -2.3099 1 1
-0.61839 -4.7159 -2.2815 1 1
-0.27236 -3.6014 -1.3791 1 1
-0.62132 -4.8498 -2.4243 1 1
-0.62143 -4.8513 -2.4243 1 1
-0.61656 -4.6553 -2.2297 1 1
0.74236 -0.49212 0.94868 1 1
0.67295 -0.5691 0.80342 1 1
0.080964 -2.9455 -0.93226 0 1
1.0466 0.68997 1.8396 0 1
1.0427 0.5428 1.6928 0 1
1.0396 0.46593 1.6327 0 1
1.0398 0.50079 1.6664 0 1
1.0507 0.57718 1.737 0 1
1.0472 0.5296 1.7115 0 1
1.0427 0.46781 1.6503 0 1
1.0447 0.39227 1.5688 0 1
1.0507 0.6477 1.821 0 1
1.0461 0.46196 1.6421 0 1
1.0418 0.30833 1.5006 0 1
1.0483 0.58213 1.7471 0 1
1.0455 0.42569 1.6044 0 1
1.0472 0.45491 1.6308 0 1
1.0517 0.64048 1.8096 0 1
1.0524 0.72582 1.8949 0 1
1.0596 0.86943 2.0198 0 1
1.0554 0.79677 1.9578 0 1
1.0429 0.38581 1.5708 0 1
1.0438 0.38577 1.568 0 1
1.0366 0.20472 1.3967 0 1
1.0328 0.16979 1.3646 0 1
1.0402 0.60744 1.7869 0 1
1.0294 0.15432 1.3696 0 1
1.0297 0.48527 1.6906 0 1
1.0271 0.37502 1.594 0 1
1.0393 0.52164 1.736 0 1
1.0325 0.44816 1.6593 0 1
1.0182 0.26469 1.4921 0 1
1.0393 0.92957 2.1206 0 1
1.0246 0.43851 1.6642 0 1
1.0228 0.30241 1.535 0 1
1.0235 0.3321 1.5684 0 1
1.0182 0.37003 1.6035 0 1
1.0441 0.96148 2.163 0 1
1.0305 0.36653 1.6022 0 1
1.0199 0.39532 1.6396 0 1
1.0183 0.46384 1.7181 0 1
1.0136 0.39459 1.6557 0 1
1.0316 0.54247 1.7863 0 1
1.0293 0.43233 1.6854 0 1
1.0266 0.54968 1.8022 0 1
1.0309 0.5776 1.8297 0 1
1.0265 0.51406 1.7637 0 1
-2.1646 0.15998 1.5776 0 1
-6.8683 0.0074784 1.53 0 1
-6.8866 -0.019092 1.5769 0 1
-6.8866 -0.019092 1.5769 0 1
-6.8866 -0.019092 1.5769 0 1
-3.7126 0.22772 1.7183 0 1
0.9662 0.4955 1.966 0 1
0.97378 0.46521 1.9271 0 1
0.95913 0.27357 1.7665 0 1
0.96014 0.50361 1.9811 0 1
0.95581 0.19963 1.7057 0 1
0.97359 0.5299 2.0165 0 1
0.96431 0.20699 1.697 0 1
-0.60678 0.39636 1.9536 0 1
0.91954 0.26433 1.8954 1 1
0.92224 0.32805 1.9617 1 1
0.92616 0.44167 2.074 1 1
-0.43803 -3.8313 -1.2029 1 1
-0.41057 -3.74 -1.0868 1 1
0.61614 -0.81937 1.1247 1 1
-0.74667 -5.0596 -2.1371 1 1
-0.74727 -5.0471 -2.1177 1 1
-0.74297 -4.9264 -1.9949 1 1
0.92702 0.50381 2.1575 1 1
0.9167 0.32646 1.9876 1 1
0.90885 0.2144 1.8907 1 1
0.91401 0.32569 1.9901 1 1
0.54933 -0.59664 1.287 1 1
0.90109 0.13476 1.8357 1 1
-1.2827 -3.4841 1.7298 1 1
0.90319 0.13602 1.8306 1 1
0.91461 0.49329 2.1724 1 1
0.91128 0.12286 1.8293 0 1
0.92391 0.6065 2.2975 0 1
0.91296 0.19241 1.8995 0 1
0.91717 0.34523 2.0417 0 1
0.91474 0.34972 2.0494 0 1
0.91343 0.28021 1.9829 0 1
0.91584 0.33993 2.0478 0 1
0.92077 0.4914 2.1892 0 1
0.9182 0.37927 2.0823 0 1
0.92567 0.60517 2.2885 0 1
-8.0712 -6.2863 -0.89341 1 1
-7.5314 -5.4124 3.475 0 1
-11.854 -6.1076 5.3353 0 1
-11.496 -6.1636 5.2736 0 1
-11.861 -6.3725 5.07 0 1
-11.167 -5.5899 5.5507 0 1
-8.8245 -3.0149 6.7734 0 1
-9.1655 -2.3165 7.3904 0 1
-9.5116 -0.88303 8.3532 0 1
-9.5113 -0.92673 8.2933 0 1
-9.3384 -1.6311 7.8422 0 1
-9.3693 -1.5965 7.7982 0 1
-10.347 -3.5691 6.6323 0 1
-10.623 -5.4135 5.5737 0 1
-11.863 -6.418 5.0305 0 1
-11.855 -6.1085 5.335 0 1
-11.863 -6.3782 5.0712 0 1
-10.825 -5.5657 5.6399 0 1
-11.855 -6.1061 5.3394 0 1
-11.23 -5.6992 5.4154 0 1
-11.855 -6.1076 5.3369 0 1
-9.2878 -4.5339 5.9053 0 1
-8.6944 -3.5966 6.3661 0 1
